Functional 	s6 	sr6 	s8
B1B95 1.0 	1.613 	1.868
B2GPPLYP 0.56 	1.586 	0.760
B3LYP 1.0 	1.261 	1.703
B97D 1.0 	0.892 	0.909
BHLYP 1.0 	1.370 	1.442
BLYP 1.0 	1.094 	1.682
BP86 1.0 	1.139 	1.683
BPBE 1.0 	1.087 	2.033
mPWLYP 1.0 	1.239 	1.098
PBE 1.0 	1.217 	0.722
PBE0 1.0 	1.287 	0.928
PW6B95 1.0 	1.532 	0.862
PWB6K 1.0 	1.660 	0.550
revPBE 1.0 	0.923 	1.010
TPSS 1.0 	1.166 	1.105
TPSS0 1.0 	1.252 	1.242
TPSSh 1.0 	1.223 	1.219
BOP 1.0 	0.929 	1.975
MPW1B95 1.0 	1.605 	1.118
MPWB1K 1.0 	1.671 	1.061
OLYP 1.0 	0.806 	1.764
OPBE 1.0 	0.837 	2.055
oTPSS 1.0 	1.128 	1.494
PBE38 1.0 	1.333 	0.998
PBEsol 1.0 	1.345 	0.612
REVSSB 1.0 	1.221 	0.560
SSB 1.0 	1.215 	0.663
B3PW91 1.0 	1.176 	1.775
BMK 1.0 	1.931 	2.168
CAMB3LYP 1.0 	1.378 	1.217
LCwPBE 1.0 	1.355 	1.279
M052X 1.0 	1.417 	0.00
M05 1.0 	1.373 	0.595
M062X 1.0 	1.619 	0.00
M06HF 1.0 	1.446 	0.00
M06L 1.0 	1.581 	0.00
M06 1.0 	1.325 	0.00
HCTH120 1.0 	1.221 	1.206
B2PLYP 0.64 	1.427 	1.022
DSDBLYP 0.50 	1.569 	0.705
PTPSS 0.75 	1.541 	0.879
PWPB95 0.82 	1.557 	0.705
revPBE0 1.0 	0.949 	0.792
revPBE38 1.0 	1.021 	0.862
rPW86PBE 1.0 	1.224 	0.901
