H	51.6336042065	1.0118307839	27.4177820268
He	0	1.4811185468	30.1510516252
Li	37.6971797323	1.1046845124	33.1694550669
Be	76.418499044	0.4617590822	32.5702676864
B	132.6238049713	0.2901529637	36.6718451243
C	169.9772944551	0.2511950287	37.7868068834
N	112.5286806883	1.0360898662	36.6395793499
O	58.9842256214	1.0376434034	38.4937858509
F	18.4713193117	1.0546128107	37.9421606119
Ne	0	1.4811185468	34.8948374761
Na	25.7048279159	1.5408699809	36.7272944551
Mg	34.8711759082	1.1945506692	35.5277246654
Al	78.2313575526	1.0848470363	39.3291108987
Si	106.517208413	0.7691204589	40.1481835564
P	75.4189770554	1.2810707457	39.0052581262
S	65.6632409178	1.0544933078	40.1118546845
Cl	28.5901051625	1.0971558317	39.4811185468
Ar	0	1.4811185468	37.0088432122
K	21.4830305927	1.6926386233	38.3221797323
Ca	42.3850382409	1.3709369025	37.0186424474
Ti	112.552581262	1.1543977055	43.0920172084
V	122.4189770555	1.1089866157	43.5702676864
Cr	94.4885277247	0.9696462715	41.6613288719
Mn	67.4122848948	1.1935946463	41.5191204589
Fe	98.7397227533	1.0771988528	43.137667304
Co	101.5982313576	1.1402963671	42.90583174
Ni	102.3126195029	1.1438814532	43.5444550669
Cu	80.4036806883	1.1967017208	39.7698374761
Zn	31.0449330784	1.3549235182	38.4772944551
Ga	64.7633843212	1.3291108987	40.4020076482
Br	28.1828393881	1.162165392	41.8300669216
Kr	0	1.4811185468	39.2170172084
I	25.6128107075	1.5771988528	43.2088910134
